1 1 1 1 1 
1 1 1 1 1 
1 1 1 1 1 
1 1 1 1 1 
1 1 1 1 1 

1 1 1 0 1 
1 1 1 0 1 
1 1 1 0 1 
1 1 1 1 1 
1 1 1 1 1 

1 1 1 1 1 
1 1 1 1 1 
1 1 0 0 0 
1 1 1 1 1 
1 1 1 1 1 

1 1 1 1 1 
1 1 1 1 1 
1 0 0 1 1 
1 0 0 1 1 
1 1 1 1 1 

1 1 1 1 1 
1 1 1 1 1 
1 1 1 1 1 
1 0 0 1 1 
1 1 1 1 1 


solutia 1
(2,2,2) (3,2,2) (1,2,3) (1,1,3) (1,0,3) 
1 1 1 1 1 
1 1 1 1 1 
1 1 1 1 1 
1 1 1 1 1 
1 1 1 1 1 

1 1 1 2 1 
1 1 1 2 1 
1 1 1 2 1 
1 1 1 1 1 
1 1 1 1 1 

1 1 1 1 1 
1 1 1 1 1 
1 1 2 0 0 
1 1 1 1 1 
1 1 1 1 1 

1 1 1 1 1 
1 1 1 1 1 
1 0 2 1 1 
1 0 0 1 1 
1 1 1 1 1 

1 1 1 1 1 
1 1 1 1 1 
1 1 1 1 1 
1 0 0 1 1 
1 1 1 1 1 


solutia 2
(2,2,2) (1,2,3) (1,1,3) (1,0,3) 
1 1 1 1 1 
1 1 1 1 1 
1 1 1 1 1 
1 1 1 1 1 
1 1 1 1 1 

1 1 1 2 1 
1 1 1 2 1 
1 1 1 2 1 
1 1 1 1 1 
1 1 1 1 1 

1 1 1 1 1 
1 1 1 1 1 
1 1 2 0 0 
1 1 1 1 1 
1 1 1 1 1 

1 1 1 1 1 
1 1 1 1 1 
1 0 0 1 1 
1 0 0 1 1 
1 1 1 1 1 

1 1 1 1 1 
1 1 1 1 1 
1 1 1 1 1 
1 0 0 1 1 
1 1 1 1 1 


Drumul care are lungime egala cu 4 este cel mai scurt drum de iesire din labirint: 
(2,2,2) (1,2,3) (1,1,3) (1,0,3) 